10
6
-303 -426 -282 -372 -209 -753 
-997 -85 -159 -809 821 -821 
291 -31 -268 -434 -784 -780 
662 -708 609 -73 689 134 
432 -539 944 484 70 113 
-55 -261 -112 610 -546 -350 
6
775 -174 -601 -69 -914 -193 
-511 -697 246 786 353 -258 
-588 -293 87 392 -267 499 
-646 469 596 -187 -796 191 
-329 540 -307 429 888 -155 
523 189 819 -10 -257 -377 
6
-917 289 856 -483 -224 -493 
-947 -263 896 192 779 967 
344 -77 -162 -317 948 585 
642 -341 937 594 927 906 
800 324 785 -400 -76 953 
464 21 580 -568 378 442 
1
36 
1
246 
1
-47 
5
979 -520 -175 560 -539 
-102 -789 519 610 972 
918 440 -500 633 86 
-633 -292 -796 454 652 
733 -259 141 -585 -380 
4
-650 -948 -534 106 
73 923 -644 -638 
883 -467 432 -840 
-715 -892 -55 326 
3
-274 -368 -285 
-334 582 -633 
462 -247 268 
2
-842 -900 
344 -728 
