10
2
958 689 
170 666 
6
0 -991 398 171 884 -868 
-818 642 762 375 -205 -772 
-802 -709 876 115 646 -856 
522 80 958 70 509 325 
219 -85 814 963 420 174 
-235 526 99 629 113 27 
3
449 -871 878 
733 -931 745 
473 562 887 
5
-528 22 -823 600 713 
711 -429 946 494 676 
371 522 11 -75 -123 
649 375 -983 -322 486 
-915 462 813 639 -200 
5
-924 -606 -217 -864 669 
-79 877 -7 424 -561 
-210 -626 276 249 -587 
-20 122 -652 172 122 
370 866 -655 -674 -520 
4
82 -870 326 -589 
196 -281 980 -712 
784 498 951 492 
706 -225 590 381 
8
603 541 -954 409 84 -145 -181 480 
-668 66 950 778 -194 962 297 926 
999 -113 270 -118 -343 -402 785 991 
341 876 -378 663 922 988 612 825 
-382 917 -165 710 -651 -737 -347 241 
842 -683 124 850 -676 -971 105 -252 
-438 844 -909 -816 371 349 338 110 
61 -106 845 936 -498 162 55 -796 
8
640 -197 617 623 459 213 -156 463 
-204 147 937 363 830 604 115 236 
-604 7 895 -448 27 -757 760 837 
221 -181 357 60 -215 136 -467 438 
-157 -996 131 758 459 46 -736 888 
-572 172 318 -468 -897 216 -680 787 
-155 593 580 -797 -867 963 -430 617 
-625 931 22 182 708 987 757 578 
6
524 490 700 95 -844 325 
20 377 -611 183 207 72 
441 363 391 125 178 143 
848 125 642 797 131 823 
200 106 461 365 991 470 
708 -2 914 -117 736 512 
6
309 176 216 35 729 -36 
808 -602 -762 949 -690 328 
656 924 307 648 47 -451 
448 542 -634 -788 -222 35 
-78 398 524 957 521 431 
-888 796 -609 255 -790 586 
